$ANSIBLE_VAULT;1.1;AES256
36346232666237323930346365383064373563356533336264633762313761333032666537343934
3661393539363436393032613734343939303231353362300a663930356532343666383261303864
31663863373232626562653839353530343938323463656437343663356534316234316233613366
3662396665316233640a343439343161306262636536376137376631313434623437376636363834
38326533373330376632373236646339663537303062326335633831303037636235653533666435
61636332376131656661393537383433333839363733623466623434663039353566626566346636
34343763616331303863666335393465646263333139376536653133646461653061633733396531
31623161333538306539326637376230663833656230303531633139353362663730616165626339
66616666383963613636643335303062613834393565613731633761643936633536373135656363
35623730356532666430396439663666363339393637613230623761346239326463643633336230
64666630383331366338643134323439343035326138623162313963376331393338336432666163
62343663633535386239643366623231653566326166383239623264386162343963383237323066
30633463623534313134663137633265313538643564373131633864643965666234396438376630
61643333313430656263643366356461313736393735333934636266313861623637633931613166
61356336633731626364383530643231646632336530643866326664663362303766376433326366
65326634356633313937376330356537323066323136626230383265653366616133376539616638
63663430653030656665346465303963313862383035626537353132666438373631333332633231
39323965393136373434373365346161656230663535343539353563316333376235323461383438
36666265316534313566363238346465323963646562393938386438323336303134613837356230
30323732626536663964636136386431363638353034653132643933643036306637643634383165
34643162626135393933363536376338353238616630666661356130366133363431666463616262
65666137636264336438623439333761313137623937366637626439393762313533636635386463
62633561313036366331363339656334643236343739643539623063633433336636666335313862
39393832636131383934316239626237626666313232306262623664343339663731653432383363
38306466376432353962383735346264313232663439623266656166333231373763306232363364
38373963376661663333636134333163383132396565323562643961356237386361313661366435
64306165313334313133316462346635383961373461623930306366646134333563386634336538
35353131616231353761323130643232636438323233633066306231613634616433323334346464
66303163356531663937643636353030306130656634643061376566633738346562383032613764
32633939363138613139383661633131303461306664346265303863303537633962636637386430
63376266353565363363346664383933353565306139653164333366366233383533363665326235
31613935333839393138393932306334663865343032636330616232366163653838333839353737
37386263613066346130376533306661316465316461343162363638643365393931343637666638
3931326532353239343337636464383762346562653138643835
